PGnew3:  5ms intercept, 12.5ms @1 deg

     goal      peak     ss       PW (ms)    PH        tries    %error
    ------------------------------------------------------------------
    0.1000    0.0950    0.0883    5.7500    3.2266    1.0000  -11.6879
    0.2000    0.1905    0.1774    6.5000    5.5173    1.0000  -11.2945
    0.3000    0.3187    0.2971    7.2500    8.5667    1.0000   -0.9658
    0.4000    0.4201    0.3925    8.0000    9.8201    1.0000   -1.8739
    0.5000    0.5281    0.4939    8.7500   11.6362    1.0000   -1.2154
    0.6000    0.6441    0.6037    9.5000   12.7636    1.0000    0.6226
    0.7000    0.7513    0.7049   10.2500   14.1812    1.0000    0.7065
    0.8000    0.8538    0.8030   11.0000   14.5971    1.0000    0.3759
    0.9000    0.9585    0.9025   11.7500   15.7013    1.0000    0.2762


 pgcurvea
     goal      peak     ss       PW (ms)    PH        tries    %error
    ------------------------------------------------------------------
    0.1000    0.1062    0.0987    5.7500    3.5939    1.0000   -1.3128
    0.2000    0.2125    0.1979    6.5000    6.1303    1.0000   -1.0691
    0.3000    0.3187    0.2971    7.2500    8.5667    1.0000   -0.9658
    0.4000    0.4281    0.4000    8.0000   10.0000    1.0000    0.0001
    0.5000    0.5335    0.4990    8.7500   11.7510    1.0000   -0.1969
    0.6000    0.6444    0.6040    9.5000   12.7693    1.0000    0.6701
    0.7000    0.7473    0.7012   10.2500   14.1095    1.0000    0.1711
    0.8000    0.8508    0.8003   11.0000   14.5497    1.0000    0.0314
    0.9000    0.9569    0.9010   11.7500   15.6768   15.0000    0.1101

 pgcurvea
     goal      peak     ss       PW (ms)    PH        tries    %error
    ------------------------------------------------------------------
    0.1000    0.1062    0.0987    5.7500    3.5939    1.0000   -1.3128
    0.2000    0.2125    0.1979    6.5000    6.1303    1.0000   -1.0691
    0.3000    0.3283    0.3061    7.2500    8.8158    1.0000    2.0179
    0.4000    0.4281    0.4000    8.0000   10.0000    1.0000    0.0001
    0.5000    0.5335    0.4990    8.7500   11.7510    1.0000   -0.1969
    0.6000    0.6444    0.6040    9.5000   12.7693    1.0000    0.6701
    0.7000    0.7473    0.7012   10.2500   14.1095    1.0000    0.1711
    0.8000    0.8508    0.8003   11.0000   14.5497    1.0000    0.0314
    0.9000    0.9569    0.9010   11.7500   15.6768   15.0000    0.1101
    1.0000    1.0588    0.9991   12.5000   16.0404   21.0000   -0.0939
    1.1000    1.1621    1.0991   13.7500   16.2906   45.0000   -0.0862
    1.2000    1.2645    1.2000   15.0000   16.0000    1.0000    0.0001
    1.3000    1.3660    1.2990   16.2500   16.3014   40.0000   -0.0752
    1.4000    1.4662    1.3991   17.5000   16.0290   15.0000   -0.0676
    1.5000    1.5674    1.4991   18.7500   16.2126   33.0000   -0.0612
    1.6000    1.6672    1.6000   20.0000   16.0000    1.0000    0.0001
    1.7000    1.7667    1.6991   21.2500   16.2303   31.0000   -0.0531
    1.8000    1.8643    1.7991   22.5000   16.0230   12.0000   -0.0509
    1.9000    1.9633    1.8991   23.7500   16.1677   26.0000   -0.0474
    2.0000    2.0606    2.0000   25.0000   16.0000    1.0000    0.0001